1 3: 20 7 19 14
1 2: 20 19 7 14

1 3: 20 14
1 2: 20 14

1 3: 20 19
1 2: 20 19
1 1: 20 19

1 3: 20 7
1 2: 20 7

1 3: 20 8
1 1: 20 8

1 3: 20 19 8
1 1: 20 19 8

1 3: 20 7 14
1 2: 20 7 14

1 3: 20 19 14
1 2: 20 14 19

1 3: 20 7 19
1 2: 20 7 19

1 2: 20 3 19
1 1: 20 3 19

1 2: 20 3
1 1: 20 3

2 3: 18 20 7 19
2 2: 18 20 7 19

2 2: 18 20 3
2 1: 18 20 3

2 3: 18 20 7 14
2 2: 18 20 7 14

2 3: 18 20 8
2 1: 18 20 8

2 3: 18 20 7
2 2: 18 20 7

2 3: 18 20 19
2 2: 18 20 19
2 1: 18 20 19

2 3: 18 20 19 14
2 2: 18 20 14 19

2 3: 18 20 14
2 2: 18 20 14

2 3: 18 20 19 8
2 1: 18 20 19 8

2 3: 18 20 7 19 14
2 2: 18 20 19 7 14

2 2: 18 20 3 19
2 1: 18 20 3 19

